561
1009
351
1917
1684
969
1959
972
1645
1762
1479
390
2941
580
1716
577
396
217
695
2093
1987
1898
2235
109
2408
168
385
1261
2968
1062
2273
2780
1924
2302
1557
2112
1676
1790
2246
2420
2659
686
2178
2295
2509
1448
1227
1948
1154
2243
2879
2437
1268
75
717
1893
2926
63
518
1865
1721
633
2287
2747
405
1160
873
1654
200
870
5
404
2390
25
2469
66
929
2284
737
1516
1252
2393
1377
1889
2641
254
387
965
1424
1105
679
184
2076
1528
884
2358
2396
2000
2444
879
2415
2202
738
828
1028
2692
1650
749
1312
501
14
175
2190
843
621
1979
433
1024
2816
16
1792
2204
316
1630
1620
199
2699
2658
1205
430
1383
622
2323
1356
192
1562
2999
2989
1661
990
2081
68
152
1844
2727
1508
282
221
214
1601
1776
2280
164
1354
253
1648
1437
2557
1996
209
447
2013
2051
1596
671
1343
326
2222
1586
342
1916
1833
1240
2232
1443
18
1026
1998
2075
2278
57
998
2244
2331
266
1298
2049
1216
1984
2517
1913
865
2611
2886
2044
94
2951
664
2245
99
335
2102
336
204
2018
2621
1338
2605
1166
819
299
1549
670
1340
1500
1071
589
2598
298
836
2822
2529
2161
2449
203
1666
2923
955
2294
1598
2196
804
2319
1878
838
1438
392
625
796
1892
2169
2599
40
1587
1104
2139
2871
2668
1018
1665
2288
1541
48
177
1141
2316
2315
2382
2965
2311
2525
136
1946
2060
429
722
2457
2527
1446
2065
1506
1471
2610
1805
2997
2911
735
1136
269
1685
272
1003
1146
1533
2034
1043
1753
1811
1935
2475
756
1514
530
1643
1920
268
2424
637
2523
1280
84
635
2242
1503
2756
259
2225
1723
2847
1477
2878
2283
2743
895
743
2623
762
967
2952
788
2122
849
789
2898
544
397
383
70
2872
711
2973
534
1092
256
2033
2104
1407
2845
1768
994
2327
2158
90
147
394
1672
1497
290
2832
106
1669
2901
2925
807
362
570
1994
2806
1139
227
668
2904
1812
812
775
612
2592
1481
2467
1739
1709
2478
2786
913
983
1381
805
2697
1534
344
2050
529
1277
898
2751
2351
243
2473
1278
2804
160
2798
2811
2667
2584
318
1214
766
216
1058
939
1687
1919
245
438
2463
731
1493
408
1370
2223
1404
2717
2981
1074
2045
2587
2662
1799
932
2980
1254
2343
384
2815
482
783
2887
2398
2209
1358
1978
2868
2684
1517
372
2012
2136
2853
2394
1327
2530
2387
2114
1545
1929
333
1801
1537
1874
1445
1132
1390
1775
904
2705
1078
1820
2591
250
1380
2342
2749
233
2763
2265
2740
713
332
2023
1748
687
114
837
1940
2291
2380
45
2896
413
1617
1357
363
1337
207
2614
1866
2512
1492
1854
1133
2400
634
1084
2214
1225
571
2135
1490
2466
212
1096
436
1264
2054
2728
304
1858
888
645
1911
2353
1570
2103
1856
2860
1745
43
818
2519
340
2192
2133
2362
1690
2864
1482
2788
174
2581
319
2487
1007
1374
1307
1568
91
2974
1468
142
2661
300
388
1196
2490
2992
820
1522
2841
1232
2249
844
2266
490
1535
2876
678
1729
1420
31
1253
2862
281
2101
2716
2146
1563
1011
93
1167
1
2349
119
1814
2363
2932
1183
2563
850
248
906
23
1469
374
108
2496
557
2909
1599
539
2738
2689
1272
1403
999
2155
2880
1230
1955
949
2917
1840
2451
2
1091
2793
1123
1974
443
2064
2708
2057
806
2117
506
2902
2988
568
2210
399
563
2840
747
930
1701
1546
1447
317
2083
957
2674
2561
2776
234
150
1886
940
224
1759
1020
2762
1559
1226
2821
2426
1289
2554
615
1567
2175
516
2943
1068
1179
497
1505
238
487
0
829
2962
2690
1034
2035
2829
2630
469
995
1335
744
1611
2004
639
309
458
1847
2809
1359
1427
1098
2624
373
2431
866
2770
891
92
2455
415
76
2236
2565
1697
1309
1311
2047
2908
799
868
2298
2686
903
1843
1594
2919
1152
407
2765
2317
135
813
2094
1560
4
2125
619
1199
2241
1556
1181
1320
1012
769
1364
2654
1114
1573
2167
2891
2814
1285
284
2445
2889
1593
2506
613
2513
993
1839
2090
1738
1890
667
2193
1076
193
1242
623
740
1000
662
2858
2682
226
2707
1752
101
2568
1968
2220
1094
885
2253
2428
2189
1119
1233
267
2468
1883
1845
128
2022
938
1602
1434
1422
975
1806
2719
1487
2848
1875
1712
1107
2575
2666
12
360
222
167
329
2233
1813
2435
2620
2907
2810
301
2281
452
1777
1910
354
1841
1229
357
434
2683
2061
255
1607
2996
1039
2819
2258
414
1412
423
2479
2542
476
1170
2622
1317
1970
1600
1050
479
992
689
1932
2211
437
1410
2948
642
1288
1100
1695
2048
823
2681
1605
2350
517
2128
339
872
393
2010
1219
2718
260
265
648
2731
19
2206
356
1655
1991
480
2830
2389
2910
195
2226
1526
628
2297
2472
2802
2152
2559
1673
2369
2663
2520
2636
582
1279
564
218
1324
240
1159
1211
1772
1351
2037
139
1804
1853
712
2745
1836
2725
2418
314
1444
504
2612
1638
2706
2341
2289
1346
1222
1644
2322
2752
655
1525
346
2016
2665
741
1504
2600
863
2046
1767
417
1352
889
545
652
599
1168
1826
1158
2458
2405
814
229
1461
1973
2306
2863
47
2758
523
2826
1828
520
1612
608
800
2383
1633
2696
73
514
86
2865
1053
283
585
551
120
1193
964
1318
2805
1733
631
2648
663
2906
2164
2218
494
1715
264
2025
1061
1464
2975
296
1769
495
2618
2216
510
696
724
1718
293
27
1751
1255
797
2967
420
653
2983
173
2985
1386
922
2515
1835
1402
984
280
2961
1414
917
2982
1901
1851
1872
2348
2732
1069
693
1778
1609
1194
877
315
1746
34
60
64
111
146
149
211
239
303
352
391
422
431
450
473
492
502
508
547
583
586
602
603
654
770
802
871
894
910
933
941
945
1025
1036
1051
1054
1059
1083
1131
1156
1250
1371
1379
1387
1399
1401
1435
1455
1475
1548
1571
1576
1577
1584
1623
1625
1627
1703
1714
1725
1726
1747
1771
1795
1831
1862
1876
1879
1903
1904
1908
1914
1961
1975
1990
2024
2091
2194
2201
2212
2221
2228
2251
2277
2335
2345
2357
2368
2374
2438
2442
2460
2471
2507
2536
2549
2577
2585
2629
2643
2647
2652
2670
2709
2712
2755
2803
2824
2890
2894
2955
2986
651
875
2789
1310
1449
2238
196
121
2608
1127
1189
24
1035
1651
213
1989
2127
143
406
1331
919
2465
141
2744
1926
1527
1339
110
22
368
1810
1206
839
484
701
1615
219
1345
1867
691
400
2404
1161
30
893
1938
2205
1972
944
1208
2411
1531
2328
449
1426
1425
9
2541
50
593
1372
1465
2231
1797
1957
1246
1070
1313
2757
1297
1632
657
1981
2367
1754
627
2441
912
886
512
2129
444
1995
2772
1175
1085
1135
2656
273
2555
258
402
1713
2484
441
2677
1044
2603
511
2580
442
1485
58
2030
1950
1348
845
2453
2032
2144
2957
1126
2993
67
365
470
2947
638
1048
2324
198
2578
1073
2059
513
1986
1027
2072
973
2820
2257
704
2388
1536
1484
2082
607
2250
2524
2001
2970
2270
130
1980
609
1460
123
138
1341
808
962
2344
1263
1817
1385
389
522
2116
616
1330
1544
186
1863
2915
1304
1089
215
2008
723
1891
1458
827
1538
1542
323
2157
153
159
1507
716
2779
1755
2256
970
521
294
1786
134
1580
754
2058
2675
1765
2792
2009
1934
1798
2043
2998
2984
1789
963
1187
1818
674
2493
821
292
2730
472
2007
1191
842
2617
2854
1453
2149
1870
1333
112
1993
925
103
2533
1741
2604
2318
859
2916
2795
2229
951
2721
15
2528
1496
124
2185
2724
851
2165
1794
1436
2842
1418
2108
33
997
2726
1642
1067
558
61
275
2070
1564
2191
432
347
1931
2995
1433
2181
2402
1111
1064
2489
95
550
2293
600
1728
1658
920
1295
276
1579
732
721
1954
2359
2569
847
82
2292
2657
2782
2844
1245
1113
1960
878
2685
28
525
952
427
1109
936
772
1578
2532
554
1692
2651
2572
1305
2269
151
540
1138
825
2041
1770
2873
1647
1413
1717
2866
2170
409
892
263
483
647
1220
2893
986
2028
915
201
1281
980
1212
286
1400
703
2979
2272
2148
87
976
971
1301
700
1393
2068
2392
465
1467
1368
2421
2355
1675
1439
692
1896
764
1779
2710
2924
2410
210
8
