594
1970
2543
1309
2687
1443
376
1830
131
634
1006
1777
1765
2847
2907
583
2717
2605
724
1025
1652
2357
2297
401
1870
2312
555
2745
2107
1246
2876
322
1592
2886
2636
0
1730
2009
263
170
1688
627
2572
776
302
2235
1578
802
622
227
723
352
2106
2890
424
82
2779
2196
2691
1094
1093
2182
1300
169
2827
1907
1574
1105
877
2715
609
2372
2762
1428
1726
2157
512
164
2705
1321
2955
832
2780
299
1097
2798
1789
276
698
2592
2544
663
2699
2796
2811
2608
1792
476
1440
1607
2903
183
994
601
2863
2627
2492
1333
2181
1691
975
681
2846
2749
1588
304
1682
2689
1659
467
1946
791
713
1932
347
2041
1506
2440
974
325
2263
1847
835
1456
1909
2501
111
158
2910
2008
1004
1099
678
514
862
41
145
2387
2465
130
398
1498
495
1467
1745
2698
128
1518
378
2577
1
2429
1530
456
895
1620
2270
1199
1993
1011
535
783
730
2973
1877
2365
1156
311
2585
1119
394
16
1583
172
1434
458
648
465
1550
84
1850
1529
1512
900
1221
2249
1799
87
1717
1106
2730
1233
2060
546
870
2123
2943
2764
867
2824
9
2807
1175
40
1417
2450
11
501
1255
2990
2343
1270
2555
1310
2999
2404
1854
1912
2768
1581
341
442
2964
1831
1497
2854
286
939
874
438
1217
2102
2753
430
2514
1735
2034
2495
2677
1517
701
658
2690
1352
1500
343
2451
60
699
2460
526
1839
2947
488
510
1593
879
1081
2374
2428
762
435
144
143
918
1522
909
592
1569
959
397
1176
1049
1326
2547
539
2463
2369
297
1410
468
1115
132
2739
2204
1409
1523
210
2031
2069
2315
1639
2136
1138
638
2638
1479
2504
1746
2402
2301
2929
2399
439
29
506
1881
2067
1785
90
2166
1524
17
961
1985
174
1447
1102
1563
1755
338
2143
775
2073
1939
2900
1227
683
1787
1572
2105
53
1618
1200
2949
413
2049
203
946
470
1960
1896
542
1151
625
2291
1511
1390
2216
1885
2695
2462
1020
599
1706
2812
2299
957
229
107
257
2493
2125
600
901
1178
186
1940
2247
2124
2904
1107
1015
1590
2713
414
255
902
1211
2950
1135
2482
2896
1223
1950
1788
487
1252
235
2604
660
147
2496
640
2600
2455
2508
119
1147
720
1159
417
1911
1071
710
1828
1472
425
1302
47
260
1594
1077
598
1599
2648
768
2825
908
4
1358
2525
156
2819
1167
2867
927
770
2573
2928
2659
1626
1766
2082
2552
1488
727
1461
1886
503
14
1474
837
2215
2776
428
786
2126
2587
2981
42
2578
2201
2278
2952
2915
1055
452
2835
595
1189
2115
314
554
541
2894
1784
1557
2293
1062
2155
2245
813
1092
403
1602
89
1786
2474
2075
31
2629
608
1198
2646
547
1354
2844
1122
2814
2168
1838
2540
281
2791
537
2888
2806
1908
2226
623
2016
2741
980
746
2832
1068
564
761
1900
1600
1101
1759
847
1477
1510
2066
2362
2335
2013
481
1668
50
1111
553
966
244
1183
2845
1926
1161
840
2813
1325
1216
1324
2213
1090
688
2868
78
479
307
866
2957
10
1196
2920
869
1291
2412
2839
253
1714
2264
74
1436
559
2061
285
549
1329
2848
1822
714
2530
848
1697
1516
1407
1711
2853
576
2043
151
2406
2969
332
2744
2461
570
2787
1127
995
1473
2987
2980
103
2319
984
2199
2202
752
773
1782
2701
1861
2735
1916
2431
1803
120
284
2576
2283
232
1123
2385
842
1767
556
1677
1972
1451
2070
65
2131
742
1504
508
502
1493
2134
2373
333
1449
614
573
2266
657
1244
2757
2214
2098
2290
399
2754
2332
1754
1842
365
1220
282
1466
2256
2686
2411
1802
2007
39
591
809
1580
3
585
2415
1875
1179
1975
2333
2047
569
2992
849
2625
2003
1173
2563
2048
2621
2296
375
1489
261
1646
2855
2464
1675
412
2883
1277
1236
474
209
2231
2195
2351
1468
1687
2053
2532
427
2205
872
1817
1155
2305
875
785
1664
1513
22
1611
538
1133
2803
2826
1657
336
1184
1130
722
956
649
643
1399
2310
1571
1242
2190
940
1935
1956
1999
165
2593
1948
2731
620
2596
2268
2230
2094
2801
1444
1385
2054
2479
2384
1825
1965
1641
1355
2616
863
2024
2183
2881
2146
303
702
2997
2430
757
1153
219
2395
1751
650
1548
1749
1893
1878
2668
2302
798
824
1967
2068
1866
272
1283
2539
1923
2390
2208
1942
586
821
2977
1934
337
1275
2809
2793
1219
1953
1718
2200
1901
88
2227
161
1036
765
856
2769
2313
2676
1435
2347
46
2084
976
277
2536
2893
2481
155
861
294
2906
2916
778
1248
505
2307
868
123
2173
1056
2337
2927
876
1263
2650
2334
2383
2229
811
1382
298
2612
2521
1014
942
1044
2274
998
2935
810
787
2193
2772
1160
48
1969
1913
2602
2681
2951
2932
2285
1305
2071
589
574
1019
2167
2783
772
112
321
30
175
2055
1624
858
655
1929
2898
2860
2760
2010
1576
2393
358
2874
1720
2489
2693
262
1413
1555
2635
1922
205
2603
2984
839
222
1978
1798
2273
1460
2426
2692
907
2002
906
2160
921
611
1997
969
1210
2727
2515
291
140
716
2799
2911
396
1383
1432
982
750
2651
2505
1915
711
1109
1957
534
736
310
1037
2533
1770
2756
2518
418
2045
2852
2309
2306
1264
2742
2918
1136
1316
1867
2590
1840
816
2861
1188
2527
2138
815
2656
1914
1528
453
951
521
1058
1240
2524
2459
543
2709
2072
1775
1073
1295
2804
2712
708
1844
1721
1370
734
2554
1463
2044
2097
356
632
1818
1342
2970
1001
2978
2237
349
2959
2346
1418
136
1096
2732
6
75
950
2225
2816
1981
970
972
2660
687
419
190
245
1061
1879
1419
1266
707
2254
1689
735
1606
301
1085
2130
2398
1404
152
1836
2443
1686
372
97
2077
993
1051
2
54
73
92
163
173
208
320
420
463
531
545
630
669
725
743
818
844
894
897
926
944
973
986
1002
1017
1032
1074
1113
1152
1192
1229
1234
1261
1273
1278
1285
1323
1330
1357
1395
1457
1539
1556
1570
1603
1617
1645
1666
1680
1704
1739
1807
1919
1952
1974
1992
1996
2011
2022
2025
2076
2149
2154
2188
2207
2240
2246
2277
2298
2392
2394
2397
2476
2488
2502
2545
2622
2637
2655
2746
2775
2810
2820
2830
2942
2972
2974
1205
2490
1562
2360
1595
1630
2996
1892
2865
1845
1121
885
312
2702
287
2361
206
1360
2786
518
2191
997
767
1257
26
18
274
331
101
2870
602
237
1612
242
2976
695
1226
278
2116
1124
2516
645
1723
35
2087
1573
712
2389
1895
1648
364
1684
828
2529
1249
2320
685
936
2375
1880
664
2251
1422
1894
2849
1180
2019
1384
911
937
2304
2370
1656
845
2680
1736
771
2657
393
1063
1582
1158
324
1905
817
2452
2737
389
1733
675
178
1783
2986
1671
1052
270
1209
1532
2989
2036
1230
779
443
49
1990
1393
619
2057
2795
2483
571
2571
2962
2379
580
1637
1959
2591
1403
2517
1423
2165
1012
2510
2884
2909
460
704
193
1254
457
2618
2004
2774
1899
1502
1864
1426
1394
1968
2665
2017
551
1998
797
95
1269
1820
168
2103
525
1841
766
1685
2815
1154
883
2093
1621
326
1007
355
1989
2982
829
2716
2954
2206
490
1702
2675
822
1604
374
1213
978
224
792
1427
2726
2623
780
2358
2023
2613
1485
436
1698
1544
2672
1805
1215
2864
1320
2354
558
1450
1876
390
36
248
212
1700
195
2257
1568
530
617
728
1459
2561
1971
2223
744
2829
68
1222
461
231
607
295
477
153
605
218
59
93
100
139
72
179
115
202
56
105
86
121
85
34
126
198
58
19
94
146
57
66
52
79
106
64
118
142
148
159
32
199
187
109
201
213
221
230
234
238
239
246
81
247
251
254
258
279
280
283
288
289
292
293
296
306
309
315
330
335
342
346
351
353
357
361
373
380
381
392
400
402
409
411
423
429
433
434
440
441
448
450
451
459
471
473
478
483
484
485
489
491
494
496
497
498
504
528
529
548
550
552
557
560
562
565
577
581
584
587
590
596
604
610
612
613
621
629
631
633
636
653
659
662
665
668
671
672
677
680
684
689
691
697
706
709
721
731
741
745
748
753
760
764
774
777
784
25
