15
496
1
3
4
5
6
7
11
13
14
17
21
25
27
28
30
34
35
38
39
41
42
44
45
46
48
50
51
54
55
56
60
63
64
66
68
69
71
72
75
78
79
80
82
85
86
87
90
93
94
95
96
98
100
101
102
104
105
108
110
111
112
114
121
124
125
128
129
130
131
132
133
134
138
142
146
147
149
151
154
157
160
161
162
163
164
165
168
169
172
173
176
177
178
179
181
183
185
186
187
188
190
193
194
196
201
202
203
207
208
209
222
224
228
229
230
233
234
238
239
240
242
246
248
251
257
259
261
262
263
264
265
267
271
275
277
280
283
285
286
287
288
289
292
295
296
297
298
299
300
303
305
306
307
308
310
311
313
315
317
322
325
326
327
332
333
334
337
338
339
341
342
343
344
346
348
351
358
359
361
362
365
366
367
368
370
372
373
374
375
378
380
381
386
387
391
393
395
396
400
401
403
410
412
413
414
415
416
418
419
422
423
424
427
428
429
430
431
432
438
440
442
443
447
448
449
452
453
456
457
460
463
464
470
471
473
482
483
484
485
486
487
490
492
498
503
506
507
508
513
518
523
524
526
529
532
533
534
536
537
540
544
545
546
553
556
558
563
565
566
569
570
572
573
578
584
585
586
589
593
594
595
596
597
600
603
605
606
608
609
610
611
612
614
616
617
618
619
620
622
623
624
625
626
627
628
633
635
639
640
645
647
648
651
652
653
654
656
658
661
665
666
667
669
671
673
674
675
676
677
678
680
681
682
683
684
685
687
689
690
691
695
698
699
701
704
705
706
709
712
713
714
715
724
727
728
729
730
731
732
735
736
738
740
743
744
749
750
751
753
756
761
764
770
778
780
781
782
783
784
786
787
790
792
795
796
797
798
799
800
804
806
810
811
812
813
814
815
816
818
819
820
823
824
825
828
831
832
836
841
842
843
844
845
847
850
851
852
853
854
855
858
859
863
864
865
867
868
869
870
871
873
874
875
877
879
880
881
882
885
889
892
893
896
897
904
907
908
912
913
914
915
916
918
919
920
921
925
926
927
928
930
932
937
939
942
944
948
949
950
951
953
955
956
958
959
963
964
965
967
969
970
971
972
973
974
976
977
982
984
986
987
988
989
990
991
993
994
995
998
999
1000
1004
1006
1007
1010
1011
1012
1014
1016
1017
1019
1020
1021
1023
1024
1026
1028
1035
1036
1037
1038
1039
1040
1047
1048
1049
1051
1052
1057
1059
1062
1064
1066
1067
1069
1074
1076
1081
1083
1085
1088
1090
1091
1092
1095
1096
1097
1098
1100
1101
1103
1105
1107
1108
1110
1112
1114
1115
1118
1119
1120
1121
1122
1124
1125
1126
1127
1129
1130
1131
1132
1136
1140
1143
1144
1145
1147
1148
1150
1152
1154
1157
1159
1161
1162
1164
1165
1166
1167
1168
1169
1170
1171
1173
1175
1176
1177
1179
1184
1187
1188
1189
1190
1191
1192
1193
1194
1195
1197
1198
1200
1202
1203
1204
1206
1211
1212
1213
1214
1215
1216
1217
1220
1222
1223
1224
1225
1228
1229
1230
1231
1232
1233
1235
1239
1241
1246
1247
1248
1249
1250
1251
1253
1254
1256
1260
1261
1262
1264
1265
1266
1269
1278
1281
1282
1295
1299
1300
1301
1303
1305
1308
1309
1311
1312
1314
1315
1318
1319
1320
1325
1326
1327
1329
1331
1335
1336
1337
1339
1340
1342
1343
1346
1347
1348
1349
1350
1351
1352
1355
1356
1357
1358
1360
1362
1363
1364
1367
1368
1369
1371
1373
1375
1377
1378
1379
1380
1383
1387
1389
1392
1394
1397
1401
1402
1403
1404
1405
1408
1411
1412
1413
1414
1415
1416
1417
1422
1424
1425
1426
1428
1429
1430
1431
1432
1433
1435
1437
1439
1440
1441
1442
1443
1445
1446
1450
1458
1461
1462
1463
1464
1465
1466
1467
1468
1473
1477
1480
1481
1482
1483
1486
1487
1488
1492
1493
1496
1498
1499
1500
1501
1504
1505
1506
1508
1509
1511
1513
1515
1516
1517
1518
1519
1520
1524
1525
1527
1528
1529
1530
1531
1532
1536
1539
1540
1541
1542
1543
1546
1547
1550
1552
1553
1557
1558
1560
1565
1567
1569
1570
1575
1576
1578
1580
1581
1584
1585
1587
1588
1589
1590
1591
1594
1596
1597
1598
1601
1602
1606
1607
1609
1612
1618
1619
1620
1622
1623
1626
1627
1628
1629
1630
1632
1639
1647
1651
1654
1655
1656
1659
1661
1663
1664
1665
1674
1676
1678
1680
1681
1682
1683
1684
1685
1687
1688
1689
1690
1693
1695
1697
1699
1700
1702
1703
1704
1705
1707
1708
1709
1710
1712
1717
1721
1726
1727
1729
1730
1732
1734
1737
1742
1743
1744
1745
1747
1751
1754
1757
1758
1759
1760
1761
1762
1763
1764
1765
1766
1768
1773
1776
1778
1779
1781
1783
1785
1786
1787
1790
1792
1793
1794
1796
1798
1799
1800
1801
1804
1806
1808
1810
1811
1815
1820
1821
1822
1824
1825
1828
1831
1832
1834
1835
1836
1837
1841
1843
1844
1845
1846
1847
1850
1851
1852
1859
1860
1862
1866
1873
1874
1875
1877
1878
1879
1880
1881
1884
1885
1886
1891
1893
1894
1896
1899
1900
1903
1906
1909
1910
1911
1912
1914
1915
1917
1921
1922
1925
1927
1928
1932
1934
1936
1937
1939
1941
1942
1945
1946
1947
