13
64
765
378
181
136
578
200
87
380
787
508
54
544
870
607
611
447
472
269
945
350
193
573
134
699
930
929
0
404
196
234
290
232
537
260
101
939
246
603
143
851
996
327
245
654
501
584
127
354
905
317
701
194
365
422
77
191
717
673
671
289
321
216
957
8
377
848
803
964
878
530
47
455
590
210
720
586
500
107
862
553
808
606
21
704
264
231
702
29
469
631
470
443
739
615
521
441
762
977
453
467
490
679
716
516
805
901
512
358
465
307
616
810
19
63
296
738
806
695
258
593
473
376
531
768
665
970
221
190
953
880
535
886
797
42
680
783
237
551
116
920
818
719
336
658
263
156
816
371
140
408
804
927
151
4
525
918
206
413
734
776
333
401
668
952
34
250
812
454
619
89
967
981
914
239
148
235
504
421
6
549
482
624
209
259
820
947
388
946
814
126
99
81
391
522
406
743
985
476
594
217
546
219
41
829
974
35
293
582
489
131
266
707
138
52
639
331
449
359
992
407
458
444
382
180
106
861
485
598
243
427
347
167
46
610
163
379
31
592
641
311
486
798
412
228
253
864
900
559
988
591
823
152
240
448
545
214
303
173
838
577
373
700
541
244
463
892
676
854
937
735
319
863
155
796
477
773
281
835
784
879
80
58
494
890
16
72
785
268
374
98
850
322
731
273
660
487
722
936
50
794
393
316
457
973
309
175
49
313
617
921
411
613
669
40
343
583
712
420
338
960
162
461
285
867
462
628
698
103
657
561
907
301
778
715
94
108
110
112
128
129
135
144
165
170
172
198
205
213
270
271
278
298
302
330
340
355
366
367
390
396
399
400
414
433
437
438
481
510
529
536
576
677
688
711
728
730
749
758
792
834
840
868
873
885
896
962
11
26
37
90
95
142
249
267
275
392
587
647
659
727
857
899
987
195
518
759
697
523
663
579
782
199
418
871
387
56
187
817
310
542
139
71
30
827
370
650
694
363
924
224
339
580
429
949
364
909
39
672
800
349
385
634
983
82
993
968
318
169
188
614
933
780
902
113
498
550
931
982
825
540
585
786
876
215
28
664
645
791
971
965
656
329
229
620
74
954
723
430
630
793
14
67
236
452
225
552
602
533
948
841
59
471
565
903
597
280
788
305
721
255
475
92
488
18
389
440
435
713
696
342
652
684
176
943
966
394
910
846
314
897
306
192
478
839
524
766
687
121
55
795
308
725
261
999
325
154
651
403
265
132
1
451
295
745
274
752
740
588
57
96
979
755
866
334
419
774
227
507
872
484
852
874
661
300
130
125
356
495
9
182
287
990
705
439
164
223
955
22
636
496
362
160
117
428
769
88
571
27
78
691
710
640
445
824
706
426
104
601
589
538
431
781
145
256
600
284
916
554
894
746
410
345
204
65
919
826
547
925
212
147
833
729
543
667
328
772
254
655
207
53
889
272
690
807
118
629
186
517
757
436
397
819
678
111
923
326
830
84
357
312
568
811
514
208
324
984
622
91
958
801
168
492
483
502
341
38
714
257
763
115
149
515
332
505
220
60
122
297
36
114
97
856
637
761
102
556
548
446
681
883
2
171
649
708
904
563
381
865
709
527
532
618
942
230
442
934
509
736
575
638
764
994
161
912
595
417
686
351
75
831
368
5
203
33
51
242
32
632
877
133
153
724
753
557
612
304
893
474
409
83
564
43
61
648
682
468
222
323
291
262
917
646
383
959
898
292
790
432
895
891
626
562
62
85
69
179
969
822
425
802
789
836
572
604
574
775
416
760
178
940
633
853
742
837
372
174
623
277
320
998
859
424
45
832
821
68
692
961
286
294
718
847
384
828
450
642
625
608
732
315
24
653
17
913
141
288
464
748
12
123
434
986
908
100
751
70
526
460
855
177
499
767
491
941
670
183
44
951
950
283
915
7
480
726
972
166
980
662
3
978
882
976
137
963
926
558
888
609
627
493
771
241
887
932
459
666
252
693
884
703
93
456
10
911
875
251
989
643
869
858
674
519
20
124
935
860
146
956
506
479
520
815
337
685
398
25
737
415
750
844
218
348
402
86
299
569
119
276
405
683
109
581
23
466
503
48
809
777
15
159
733
944
675
813
513
158
76
922
842
344
567
644
511
528
744
975
105
335
189
247
233
599
369
150
747
566
360
906
375
238
799
845
201
346
991
79
843
157
395
185
279
689
539
560
779
226
202
497
741
353
352
995
120
621
849
756
997
928
605
938
386
361
282
66
211
73
770
881
248
197
570
423
754
534
184
635
555
596
